image: c5-20201118h.pgm
resolution: 0.050000
origin: [-127.600000, -71.600000, 0.000000]
negate: 0
occupied_thresh: 0.65
free_thresh: 0.196

