image: c5-20201118g.pgm
resolution: 0.050000
origin: [-116.400000, -71.600000, 0.000000]
negate: 0
occupied_thresh: 0.65
free_thresh: 0.196

