image: c5-20201118c.pgm
resolution: 0.050000
origin: [-30.000000, -71.600000, 0.000000]
negate: 0
occupied_thresh: 0.65
free_thresh: 0.196

