image: c5-20201118k-navi-ver1.pgm
resolution: 0.050000
origin: [-169.200000, -97.200000, 0.000000]
negate: 0
occupied_thresh: 0.65
free_thresh: 0.196

