image: kait-cp-c6-20201109a.pgm
resolution: 0.050000
origin: [-172.400000, -71.600000, 0.000000]
negate: 0
occupied_thresh: 0.65
free_thresh: 0.196

