image: kait_cp-20201105a.pgm
resolution: 0.050000
origin: [-30.000000, -41.200000, 0.000000]
negate: 0
occupied_thresh: 0.65
free_thresh: 0.196

